1478 1000 0 14 7.8 18 47 4 0.04 9 7 24 5 198
1400 854 58 13 8.5 22 52 4 0.04 9 7 23 5 21
1300 776 35 12 8.3 25 53 4 0.03 9 6 21 4 22
1200 715 28 11 8.0 29 53 3 0.03 8 6 19 4 23
1100 663 25 10 7.5 32 53 3 0.02 8 5 17 3 23
1000 616 23 9 7.0 36 52 3 0.02 7 5 16 3 24
900 573 21 8 6.4 41 51 3 0.02 7 4 14 3 24
800 533 20 8 5.7 47 50 2 0.02 6 4 13 2 24
700 495 19 7 5.1 55 49 2 0.02 5 3 11 2 24
600 458 18 6 4.4 65 47 2 0.01 5 3 9 2 25
500 422 18 5 3.7 79 46 2 0.01 4 2 8 1 25
400 387 18 5 3.0 100 45 1 0.01 3 2 6 1 25
300 352 17 4 2.2 135 44 1 0.01 2 1 5 1 25
245 333 17 4 1.8 165 44 1 0.01 2 1 4 1 25











